              precision    recall  f1-score   support

           0     0.7000    0.5833    0.6364        12
           1     0.6241    0.8381    0.7154       105
           2     0.6250    0.5000    0.5556        20
           3     0.8855    0.9323    0.9083       813
           4     0.7730    0.8692    0.8183       474
           5     0.0000    0.0000    0.0000         5
           6     1.0000    0.7143    0.8333        14
           7     1.0000    0.3333    0.5000         3
           8     0.7586    0.5789    0.6567        38
           9     0.8696    0.8000    0.8333        25
          10     0.8889    0.8000    0.8421        30
          11     0.4677    0.6988    0.5604        83
          12     0.3333    0.0769    0.1250        13
          13     0.5926    0.4324    0.5000        37
          14     0.0000    0.0000    0.0000         2
          15     0.0000    0.0000    0.0000         9
          16     0.6696    0.7778    0.7196        99
          17     0.0000    0.0000    0.0000        12
          18     0.6316    0.6000    0.6154        20
          19     0.5569    0.6992    0.6200       133
          20     0.6000    0.5143    0.5538        70
          21     0.5000    0.4074    0.4490        27
          22     0.0000    0.0000    0.0000         7
          23     0.0000    0.0000    0.0000        12
          24     0.3750    0.1579    0.2222        19
          25     0.7826    0.5806    0.6667        31
          26     0.0000    0.0000    0.0000         8
          27     0.0000    0.0000    0.0000         4
          28     0.1429    0.1000    0.1176        10
          29     0.0000    0.0000    0.0000         4
          30     0.7500    0.2500    0.3750        12
          31     0.0000    0.0000    0.0000        13
          32     1.0000    0.1000    0.1818        10
          33     1.0000    0.6000    0.7500         5
          34     0.7500    0.4286    0.5455         7
          35     0.0000    0.0000    0.0000         6
          36     0.6000    0.2727    0.3750        11
          37     0.0000    0.0000    0.0000         2
          38     0.0000    0.0000    0.0000         3
          39     0.0000    0.0000    0.0000         5
          40     0.0000    0.0000    0.0000        10
          41     0.5000    0.1250    0.2000         8
          42     0.0000    0.0000    0.0000         3
          43     0.0000    0.0000    0.0000         6
          44     1.0000    0.8000    0.8889         5
          45     0.0000    0.0000    0.0000         1

    accuracy                         0.7551      2246
   macro avg     0.4212    0.3168    0.3427      2246
weighted avg     0.7205    0.7551    0.7293      2246
